200	775	4
0	75
1	196
2	86
3	44
4	115
5	47
6	40
7	96
8	32
9	33
10	87
11	130
12	151
13	179
14	79
15	83
16	107
17	178
18	161
19	153
20	155
21	197
22	177
23	189
24	103
25	51
26	31
27	166
28	65
29	187
30	52
34	160
35	148
36	68
37	93
38	135
39	131
41	173
42	80
43	106
45	191
46	194
48	119
49	145
50	139
53	64
54	95
55	100
56	127
57	120
58	172
59	101
60	74
61	188
62	142
63	85
66	126
67	112
69	116
70	190
71	117
72	158
73	149
76	113
77	174
78	168
81	192
82	170
84	150
88	156
89	122
90	138
91	199
92	125
94	181
97	152
98	114
99	184
102	175
104	154
105	118
108	171
109	124
110	132
111	140
121	182
123	162
128	176
129	159
133	136
134	183
137	180
141	147
143	165
144	164
146	193
157	198
163	185
167	195
169	186
21	121
81	129
104	194
93	198
127	136
46	137
8	50
97	196
104	107
34	146
31	43
32	119
75	147
27	128
6	36
98	173
60	161
94	179
94	123
62	77
59	150
41	155
58	121
36	165
8	100
39	71
184	186
125	184
11	153
118	121
8	51
59	128
154	182
106	152
68	175
74	108
87	184
9	61
11	83
76	142
63	134
9	21
79	153
49	56
81	187
23	156
44	186
80	184
66	124
75	76
0	187
47	105
68	186
19	190
13	177
69	186
58	61
17	93
58	159
132	195
52	125
44	56
148	158
9	68
6	83
83	131
84	174
90	158
161	182
164	177
63	188
67	87
81	158
13	159
0	44
103	185
114	145
77	156
46	88
54	75
44	147
10	48
56	128
149	178
101	132
11	127
34	186
5	194
9	39
75	79
35	159
100	134
116	144
67	169
92	110
66	132
7	161
36	163
135	142
11	177
49	173
3	30
157	181
75	126
65	160
169	189
31	76
59	132
137	192
85	168
102	185
103	109
109	120
5	20
70	83
12	96
77	141
24	149
180	187
81	175
125	149
141	170
47	151
106	139
6	28
2	107
162	167
111	119
112	165
0	163
18	54
56	122
100	135
100	192
15	75
71	169
154	179
16	165
31	144
80	151
34	130
70	134
2	20
50	104
59	90
10	33
96	175
51	57
31	38
104	169
56	65
99	197
97	183
13	42
70	157
101	129
46	47
124	128
9	130
91	168
22	121
14	157
58	154
7	112
6	170
4	38
94	157
136	199
116	133
69	155
52	198
92	134
36	96
7	58
43	76
191	199
26	134
42	143
113	122
129	171
24	47
96	170
92	169
81	120
10	142
119	174
51	129
22	159
2	125
114	196
167	168
122	132
105	153
151	171
89	98
73	128
142	159
72	196
71	74
167	179
141	180
84	137
42	49
4	114
174	176
73	176
36	87
72	121
13	85
89	193
77	100
98	198
26	82
63	163
51	181
37	88
117	120
58	72
95	145
8	80
59	121
53	132
106	161
59	192
94	122
46	141
24	49
85	167
87	113
5	99
77	162
37	55
84	152
69	161
118	187
13	94
136	171
17	65
2	172
29	183
11	145
71	95
19	136
127	164
105	159
13	80
78	94
15	30
44	65
30	90
85	92
100	131
78	83
25	90
10	89
90	173
3	72
40	181
146	190
37	151
13	101
84	180
35	117
5	6
128	140
65	153
56	178
0	102
30	118
39	143
19	148
100	133
44	181
61	130
54	144
120	158
12	192
116	184
107	143
65	144
87	100
1	94
53	106
69	140
23	148
85	160
105	179
2	81
10	53
32	166
64	145
3	56
41	55
31	184
171	179
73	98
38	59
129	143
118	190
28	189
102	173
68	110
75	102
17	66
83	190
80	189
61	184
86	131
43	64
14	125
31	179
0	66
53	97
156	183
11	139
21	150
89	166
6	91
10	102
74	194
67	153
112	187
113	194
99	145
4	138
39	52
111	180
27	120
85	145
6	131
17	107
63	87
59	115
15	130
88	114
15	86
4	173
20	195
1	63
45	65
102	121
67	85
3	73
1	116
47	140
26	172
137	155
33	136
36	133
19	107
84	138
33	150
106	185
188	194
46	199
108	125
12	166
7	115
7	148
43	101
65	102
125	152
5	150
57	94
6	85
181	185
5	161
156	179
147	194
32	196
58	177
25	48
111	115
59	181
26	118
37	157
23	175
65	192
16	37
14	106
52	154
56	119
24	143
22	42
65	126
80	155
80	118
88	178
46	87
36	47
15	155
122	175
73	143
35	78
37	98
38	87
35	149
42	105
43	116
13	117
138	189
110	189
81	126
44	165
31	151
98	195
170	198
21	24
73	108
20	194
10	195
1	132
109	193
29	92
82	150
142	161
99	100
85	165
7	16
83	101
110	167
84	186
39	58
124	187
140	177
85	129
49	115
52	173
44	109
60	157
52	114
65	185
110	182
15	168
77	114
59	169
72	87
170	188
28	139
126	190
38	39
42	102
125	180
128	181
86	107
80	139
57	154
11	183
82	117
22	167
50	93
21	133
83	152
81	92
50	51
8	152
4	192
6	107
41	105
4	61
110	173
62	73
25	106
7	169
19	103
0	108
72	118
93	160
90	99
55	79
86	110
23	134
153	160
58	183
79	116
111	194
90	179
10	72
71	181
109	114
77	154
82	131
7	41
44	154
37	142
129	153
33	125
2	34
137	162
180	197
0	164
69	173
85	131
66	114
4	58
22	69
13	110
52	120
66	110
10	73
119	177
36	188
33	108
58	83
4	131
39	188
55	131
135	178
152	156
80	165
62	154
22	104
61	170
66	141
65	142
124	176
76	111
4	134
1	7
44	66
47	162
92	142
187	192
23	62
83	112
72	175
24	58
37	123
9	132
69	156
16	18
60	194
104	160
19	162
70	126
18	137
13	61
41	193
123	137
43	199
17	127
62	92
48	118
83	187
15	71
125	129
57	141
23	39
108	143
52	108
58	82
23	120
76	148
84	173
22	75
15	38
17	23
112	146
90	152
5	48
25	165
134	162
75	100
9	168
89	197
62	68
35	54
151	180
118	171
104	128
61	197
3	143
88	168
38	156
102	130
44	92
83	129
59	96
46	84
11	142
25	162
116	143
74	115
79	155
15	21
101	162
18	179
7	55
36	157
167	177
98	170
12	163
72	185
18	140
50	90
54	143
58	167
47	63
7	54
72	149
80	184
1	196
124	176
39	71
54	95
34	160
8	50
104	194
5	99
11	183
63	163
16	37
38	87
70	157
138	189
68	110
83	112
65	102
56	127
6	170
47	140
42	143
136	199
10	73
123	137
94	122
30	90
4	58
17	23
101	132
76	113
36	188
118	190
106	152
0	164
15	75
121	182
33	108
13	117
2	107
67	153
59	181
69	186
12	96
148	158
35	159
82	150
32	166
89	193
109	114
27	120
100	135
103	185
46	84
125	180
167	177
79	116
24	149
92	134
19	162
88	178
141	147
44	165
28	139
51	57
29	187
53	97
156	179
85	131
98	198
20	195
31	151
49	173
60	161
41	105
