120	470	4
0	83
1	14
2	87
3	82
4	11
5	73
6	23
7	99
8	76
9	90
10	27
12	64
13	32
15	106
16	55
17	89
18	78
19	119
20	57
21	86
22	30
24	63
25	104
26	52
28	72
29	48
31	102
33	65
34	70
35	93
36	39
37	71
38	51
40	53
41	91
42	112
43	88
44	94
45	110
46	105
47	79
49	54
50	96
56	58
59	98
60	66
61	115
62	81
67	95
68	108
69	117
74	75
77	107
80	109
84	103
85	118
92	101
97	113
100	116
111	114
2	42
21	63
13	46
18	21
62	65
41	55
44	46
37	94
11	109
7	74
78	108
2	89
1	17
3	44
45	54
59	108
65	71
19	65
25	29
24	76
81	113
5	114
23	115
4	48
48	57
9	42
31	40
70	109
88	99
34	36
22	95
27	61
59	75
60	113
56	107
96	102
101	112
45	102
40	106
8	43
40	105
46	68
7	55
60	84
91	110
102	117
30	109
10	109
5	10
14	69
32	73
63	116
5	13
14	110
4	35
31	92
15	102
84	113
32	90
11	68
23	92
103	118
16	100
16	81
22	34
55	59
92	111
21	59
1	76
54	114
1	84
11	21
112	113
35	75
67	68
29	41
41	114
11	48
50	77
1	27
23	61
76	106
33	67
88	98
15	35
53	72
21	98
10	62
5	49
95	110
57	77
21	102
49	108
53	98
17	117
29	106
42	59
60	97
0	54
32	76
79	90
106	111
71	83
10	15
26	87
32	39
11	33
15	51
113	119
92	98
20	44
46	79
42	110
23	57
12	14
39	87
31	99
29	33
83	106
26	90
6	119
48	63
26	100
23	29
14	80
31	103
0	95
55	56
13	30
103	104
26	66
3	94
13	84
21	89
33	50
2	48
92	99
9	31
36	42
7	117
65	90
24	34
45	107
46	61
71	91
93	96
71	73
15	42
75	114
84	92
64	93
51	89
0	49
33	105
43	103
62	106
4	27
83	109
2	4
52	71
3	66
66	70
60	107
17	37
23	102
88	100
87	89
73	103
35	56
31	39
23	81
19	113
45	51
33	69
61	89
18	70
86	117
5	70
21	39
33	53
69	105
95	118
12	21
57	60
1	115
54	63
8	27
11	99
0	104
9	38
44	75
64	81
80	118
85	97
57	111
38	50
26	104
31	49
69	116
31	64
95	98
25	63
17	38
6	64
48	81
24	49
58	87
19	92
47	69
77	101
86	104
110	116
31	80
55	119
31	97
9	87
81	118
105	114
29	90
77	90
12	53
21	88
16	91
39	109
56	80
47	51
53	119
57	84
0	19
25	35
24	74
84	118
25	118
19	115
32	52
25	28
41	97
46	65
76	83
74	93
26	112
30	53
6	117
22	102
28	87
32	70
19	94
18	83
3	74
18	72
67	82
52	69
7	107
98	110
23	99
31	48
5	8
68	80
27	93
19	44
11	41
41	42
5	90
87	88
3	52
0	57
95	97
58	70
69	86
17	99
22	45
13	31
79	88
44	100
6	102
12	84
51	113
53	63
18	65
25	48
28	64
88	105
23	31
37	84
5	83
41	53
26	115
0	8
91	92
49	107
83	91
58	111
30	71
3	31
60	68
6	112
40	88
72	89
40	65
15	73
62	93
12	59
96	99
13	102
4	104
8	30
42	48
70	95
24	47
110	117
58	67
19	97
13	94
35	47
22	85
68	107
32	106
50	52
49	60
96	106
51	112
39	96
37	48
28	86
16	95
10	16
40	92
62	95
31	100
6	69
8	38
25	110
112	116
34	105
55	112
59	83
87	118
75	117
18	96
33	93
51	103
24	72
58	80
19	57
61	74
46	102
60	63
82	101
41	60
47	96
59	65
20	50
32	68
44	97
16	68
36	82
57	91
11	29
7	87
26	34
41	60
18	78
6	23
21	59
92	98
43	103
68	80
29	48
9	87
20	50
3	52
64	93
28	86
19	65
8	27
0	57
82	101
83	109
5	73
49	107
44	100
55	112
45	102
36	39
62	106
30	71
40	88
42	110
25	104
35	75
53	72
97	113
16	91
1	76
7	99
4	11
17	37
85	118
26	34
12	14
63	116
32	90
2	89
66	70
47	96
67	95
69	105
56	58
46	79
13	31
